0
435
30
96
34
35
1261
387
137
213
73
57330
1044
350
28675
2135
1293
433
4829
445
4961
457
10307
3381
9424
13481
532
4292
541
542
6582
555
556
2234
9096
2895
1165
1169
1761
589
1773
593
1189
1193
1197
2406
4860
2454
6205
2510
21318
11407
4781
9709
12053
718
2160
4347
5117
735
4431
6714
751
752
753
6822
10773
1555
1559
781
9450
3182
7218
3234
12270
2481
1659
1663
2502
836
837
8425
848
2550
11154
7821
874
11453
