0
64
248
117
81
31
116
4
146
71
31
56
41
50
207
21
78
934
536
165
9
2
4
44
1
1
6
2
1
11
119
31
27
3
9
9
1
1
1
38
115
89
4
122
136
148
1414
12
19
15
13
4
8
18
52
46
33
1
2
5
14
7
143
1
1
6
2
11
6
8
25
2
7
31
5
6
5
3
1
38
1
197
17
50
168
6
80
38
49
56
28
33
349
160
9
73
144
7
64
67
83
110
79
90
77
92
78
100
45
66
5
121
23
42
75
51
97
307
1
1
95
105
27
30
50
55
41
115
71
101
165
39
57
42
224
1
7
39
94
48
65
44
47
196
32
2
77
64
148
19
52
84
54
152
47
49
56
96
27
17
119
54
70
58
70
99
145
71
6
47
78
24
53
143
56
21
44
77
103
183
93
68
4
8
50
133
49
65
51
80
51
23
35
176
70
51
238
1
158
65
52
11
1
60
163
10
29
76
112
63
53
53
142
54
28
72
107
31
163
29
10
7
23
63
23
225
7
7
193
42
59
65
33
51
111
23
96
58
141
105
52
9
75
58
49
68
81
124
93
53
96
8
57
44
27
18
104
79
32
67
50
60
283
38
8
23
82
130
31
101
46
48
56
46
52
77
235
88
10
189
85
9
43
112
55
67
55
113
170
2
29
98
52
29
121
155
128
43
10
70
236
32
6
2
18
1
33
52
124
7
85
20
109
42
144
31
39
143
14
68
120
56
29
146
39
7
71
87
59
58
58
78
144
139
16
152
101
1
2
1
62
53
69
58
90
33
60
61
82
82
30
60
97
69
64
13
71
52
75
74
56
62
172
114
13
27
82
155
26
48
105
176
48
15
91
7
71
71
52
57
22
18
76
72
99
33
75
72
96
58
115
29
103
54
3
150
6
32
51
65
57
83
250
20
46
105
60
41
115
38
24
18
169
24
47
146
45
36
28
78
231
63
1
38
134
42
20
48
146
6
58
85
65
65
61
248
61
284
36
1
99
7
24
92
32
32
47
92
48
72
60
50
265
1
3
111
60
19
85
68
62
71
65
117
121
13
115
49
73
38
30
70
39
96
63
69
59
63
64
125
50
72
6
67
64
85
78
51
104
44
257
39
11
11
114
3
62
109
26
107
20
18
59
59
36
96
65
96
46
31
21
229
52
57
39
88
59
14
45
99
64
116
27
24
62
84
127
70
36
219
1
8
57
156
29
1
5
45
82
134
171
1
15
73
65
123
92
50
84
117
91
42
1
96
9
153
1
6
343
1
1
5
2
345
1
9
1
20
40
338
1
54
15
1
183
28
21
68
157
1
53
28
56
52
56
52
76
76
41
131
16
52
9
177
41
81
80
56
111
1
71
62
53
62
80
98
221
151
72
64
224
80
8
11
132
1
92
85
68
66
149
70
60
114
6
62
80
44
108
72
109
40
73
72
58
75
91
61
149
48
18
28
61
54
40
132
5
96
56
82
34
57
56
131
12
41
121
42
124
25
102
65
3
46
137
16
74
99
131
86
144
7
48
118
69
3
42
61
190
57
11
2
45
43
68
135
13
32
160
11
34
64
61
73
46
62
91
25
61
47
148
46
86
76
8
44
40
163
8
1
126
171
1
58
61
30
86
76
96
104
76
25
46
43
51
80
49
47
75
68
59
9354
1
8
4
7
1
1
8
1
10
2
18
19
74
130
1
12
14
19
4
6
2
2
6
12
162
98
145
1749
1
1
1
8
9
1
3
5
3
8
1
5
1
3
8
3
7
24
7
31
6
33
7
3
14
1
124
267
137
37
1
1
37
1
1
7
1
1
1
7
3003
1
8
1
1
29
2
6
4
7
12
20
849
3
1
3
1
5
2
1
1
6
19
1
1
162
9
2
8
2
10
8
1
1
17
1
8
1
2
692
20
1
1
1
5
2
1
1
2
5
1
1
1
5
296
8
1
32
6
1
1
1
1
6
2347
2
7
3
5
3
1
1
1
7
3
1
1
1
3
1
2
2
2
1
4
9
1
2
10
1
3
416
10
1
7
1
1
1
7
1
3
4
17
1
1
1
23
2
2
1
27
1
2
4
2
1
10
30
1556
4
53
1
3
1
2
2
6
8
5
13
1
1
2
4
2
3
1
5
14
33
2
2
1456
10
2
10
1
1
9
12
1
7
1
1
3
4
1
963
2
1
1
1
1
5
1
1
1
6
1
678
5
3
2
4
4
2
3
1
1
2
1
3
3
508
2
5
1
1
1
1
9
1
7
1
1
993
2
1
2
7
1
1
4
1
1
1
869
1
8
1
5
1
1
8
2
7
11
18
618
1
7
1
1
1
7
1
1
5
1
42
748
9
6
3
5
2
1
1
8
7
2
1
8
7
2
404
47
1
2
1
1
1
3
1
1
1
988
23
8
9
1
1
1
9
15
12
5
1
9
338
1
1
1
1
6
36
4
1
4
1
1
1
923
1
3
4
8
3
12
35
1
8
1
8
1
2
63
392
1
1
1
7
1
1
7
1
2
9
732
9
2
21
21
9
1
6
59
1
10
79
8
950
1
1
6
1
1
3
3
1
1
56
1
5
1
1
1
1
1
5
1
1
1
2
4
2
1050
2
6
13
2
6
1
5
3
4
5
2
1
2
13
276
1
1
1
2
10
1
3
1
1
1
1
1
1
891
8
1
1
7
1
39
1
6
9
1
1
1
10
416
70
1
7
1
1
1
6
2
13
762
1
9
1
4
3
1
1
1
1
1
4
3
5
758
2
4
5
2
2
7
2
1
1
4
2
1
1
2
8097
4
35
1
1
1
6
1
1
1
1
7
1
1838
3
6
3
38
1
1
1
4
3
2
1
8
22
247
1
6
2
5
1
12
9
7
3
5
3
4
8
1005
1
1
18
1
19
1
9
1
7
1
1
1
43
491
1
2
5
2
1
3
9
2
5
4
1
3
2
4
1
625
4
1
6
1
1
1
7
1
884
44
37
2
7
1
1
1
148
9
3
12
2
12
50
443
1
19
1
1
1
7
1
1
1
7
1
2
1
6
1
9952
3
1
1
1
8
1
7
1
3
1
9
1
2
2141
7
1
1
11
8
1
1
6
1
1
20
1
7
1
1
1
7
3
1
1
4
7
1
1
9
1
10
2771
10
1
6
6
7
7
1
5
3
1
1
37
2
151
1
17
1
1
1
8
1
1
7
1
1
1
5
1475
12
8
9
7
1
10
24
2
5
3
11
27
1
249
40
7
1
1
7
1
1
6
1
1
1
7
754
1
6
2
1
11
7
2
9
1
19
3
7
22
270
1
1
7
1
9
1
1
1
7
1
6862
10
1
7
1
1
9
2
5
2
7
4
1
8
911
3
5
1
3
10
5
6
2
10
1
4
9
1
7
1951
2
1
13
1
1
2
6
1
1
4
27
5
1
515
13
7
2
2
1
4
5
5
1
4
7
3
1
508
1
7
1
1
6
3
1
8
1
1
1
8
11
15
794
2
3
8
17
2
6
1
1
9
2
1
6
24
339
13
1
6
3
4
5
2
9
2
2
992
14
6
1
3
1
6
5
1
16
1
2
2
4
4
46
302
2
10
70
1
1
8
12
2
1
6
1
2
17
69
1
11179
24
19
2
3
1
4
3
6
3
4
5
1
7
24
410
8
8
4
3
5
8
6
1
3
3
1
4
4
32
627
10
32
8
8
7
7
8
6
6
12
8
8
13
7
9
1363
3
7
7
1
8
1
1
8
2
6
2
458
2
9
1
1
7
11
3
7
1
1
3
8
13
9
1
1556
9
1
17
1
10
1
1
9
1
7
432
1
1
1
4
1
44
1
7
1
1459
1
6
8
4
1
2
1
43
7
1
1
21
351
8
2
1
6
9
9
2
1
1
1
14
4
1
14
6591
10
1
7
1
1
1
9
12
1
1
9
843
1
6
2
1
1
1
10
1
16
10
2
963
12
9
1
6
2
1
9
10
20
11
1
6
14
9
9
826
30
9
6
1
1
1
1
1
10
10
5
1
2
1481
3
1
1
5
1
1
5
1
1
5
7
7
164
1507
32
1
11
2
4
2
1
11
1
1
9
258
1
3
1
3
12
2
1
4
1
1
8
1
1037
8
1
1
1
6
1
1
1
10
7
1
23
