91
185
252
33
5655
2169
6666
4452
9177
8721
3927
24375
363
23187
49348
55775
76104
2211
5940
6759
10675
9306
7865
1585
794
3985
2403
1607
4845
3250
4905
1643
9108
2505
11809
3410
1711
1715
859
860
8655
1743
4375
5283
5319
4460
2688
8118
7284
4585
920
1843
6482
930
4665
8460
12363
3838
962
2892
10681
977
9825
988
989
6951
1995
1999
3006
2009
3021
2019
3036
7119
1021
1022
3072
14455
6255
1046
2095
10535
2119
1061
18190
1079
1080
16320
3291
4402
1103
1104
5535
3333
7812
2241
2245
2249
3381
1129
3393
29783
4642
2327
17580
7095
4750
2381
2385
1194
2391
2395
14454
12155
12255
6165
1236
13662
3747
5010
16393
6350
8932
29693
1303
1304
2611
6545
42480
5382
8103
2709
12240
19201
6905
6930
8349
12591
12672
7075
12798
1427
1428
15774
2881
14465
5814
1456
1457
10227
19123
25262
4488
19552
7565
9111
16797
10752
10801
1547
4647
4656
70920
30552
34188
1639
1640
9861
29799
3331
3335
5010
6694
1676
5034
1680
5046
15192
3387
1695
18711
13684
5148
8600
1723
6902
1728
3459
40066
12299
15885
10635
10671
8920
1787
5367
10761
1797
10803
9030
5430
