0
34
64
47
120
14
98
63
210
99
259
20
64
81
45
48
2277
7
19
376
38
13
3
17
18
11
8
11
3
7
3
681
3
24
1
1
4
4
25
1
9
4
571
2
16
10
1
10
2
20
14
1
3
5
1
22
10
51
833
1
10
1
4
1
13
6
1
1
8
1
4
747
7
1
1
3
18
41
447
8
1
19
32
28
132
131
64
102
97
161
133
51
54
120
10
63
81
59
46
55
90
78
98
51
50
55
56
49
46
105
170
68
67
66
60
53
23
66
30
75
86
66
106
86
60
55
59
68
63
69
70
62
70
390
48
88
84
36
44
55
73
51
67
121
75
71
64
43
65
58
80
95
39
79
68
81
36
50
82
67
137
83
38
56
119
38
44
51
40
70
74
45
55
66
165
28
102
85
92
50
64
44
49
55
135
128
96
43
82
56
93
32
78
40
81
25
93
50
46
65
45
48
82
24
82
87
100
70
72
77
110
57
66
51
52
74
98
54
57
73
69
98
72
50
202
46
90
48
72
67
46
67
79
72
36
126
62
79
111
145
48
50
79
61
91
49
44
66
75
52
42
88
62
44
67
37
81
63
66
134
215
92
46
47
137
78
305
135
81
117
57
114
80
95
65
64
135
49
90
59
63
64
206
67
104
53
97
53
90
78
93
86
60
91
46
72
33
120
82
51
82
104
42
67
75
51
69
96
102
96
70
53
80
120
95
108
48
52
94
72
67
78
43
81
75
52
61
66
66
52
51
148
79
47
94
61
25
41
67
38
54
50
62
71
37
64
23446
1
1
7
1
1
8
1
1
7
1
2
7
1211
1
32
237
8
1
2
10
9
8
1
2
5
3
1
16
828
2
6
2
1
2
4
2
1
3
7
1
1
1
4
1
1290
7
1
62
2
28
1
1
33
9
8
11
10
27
1
32
848
30
11
9
11
13
3
4
3
9
1
7
1
6
3
19
785
5
4
1
8
1
1
4
2
4
5
1
3758
1
1
6
1
1
1
1
6
23
8
10
1
30
453
1
5
1
2
1
7
45
1
1
6
2
2
1060
1
19
1
7
3
1
5
2
1
6
1
1
1
1
2
21007
41
7
1
11
14
4
1
5
49
121
117
160
111
134
139
121
127
115
121
141
108
131
118
130
117
133
139
904
19
1
10
7
2
9
20
1
8
1
31
79
1
31
1716
22
9
2
7
32
18
9
1
10
7
1
1
55
2789
3
2
4
79
3
8
1
8
1
1
8
691
6
2
13
3
1
1
6
2
7
2
5
11
9
10
2
8
1
11
3
2
1
8
1
103
1
108
1
1027
1
1
7
8
4
1
1
5
1
1
1
1
1
3
1
1
1
5
1
1
4
797
2
1
1
1
7
1
1
1
10
7
27
203
1
51
1
1
7
7
10
3
1
3
3
4
1
1525
10
1
10
1
1
1
1
3
2
5
5
1
10
210
29
1
13
1
47
1
1
1
10
7
1
2
1
6
69
1451
9
1
1
7
1
1
1
51
3
1
4
1
5
4
449
7
12
4
3
7
2
11
8
1
4
4
1
5
8
38
26
1
7
1
1
1
7
1
1
3
4
1
3
6
63
1
6
1
1
1
1
2
3
1
3
1
1
2
15
1071
1
1
5
6
2
1
1
6
1
1
7
1420
3
7
1
2
7
1
6
4
1
1
4
1
1321
4
1
1
2
3
1
1
1
7
2
1
7
2
8736
1
8
1
2
7
2
6
3
5
12
3
520
9
1
1
1
6
1
1
7
4
10
1
4
1
32
545
5
3
1
1
2
1
1
1
3
2
34
1
678
5
5
1
8
1
1
8
2
12
6
2
1
6
577
6
3
23
8
2
1
8
1
2
5
2
2
8
448
1
6
2
7
9
8
6
2
1
2
6
1
725
1
2
7
1
1
7
1
1
1
8
1
9153
6
1
21
1
1
1
5
1
1
1
8
1135
15
4
3
43
1
4
2
1
1
1
9
1
6
2
404
1
8
1
13
1
1
6
1
1
1
1
8
37
2463
7
1
2
8
2
